# imagePath|totalRuntimeMs|firstSeenTick|lastSeenTick
C|656187097|13106671|8082921
D|105943992|13106671|8082921
C|70683270|17612843|8082921
C|45639372|13106671|8082921
C|40883652|13106671|8082921
C|32537393|13106671|3840906
C|25297188|8384078|8384078
C|25238052|8684531|8684531
C|25202604|8984562|8984562
C|23407314|13106671|5074812
C|21058498|13106671|8082921
C|17468483|13106671|8082921
C|17327660|3372687|5074812
C|16812656|13106671|8082921
D|15713607|13106671|8082921
C|15213124|13106671|8082921
C|15213124|13106671|8082921
C|15213124|13106671|8082921
C|15213124|13106671|8082921
C|14729062|13106671|8082921
C|10219922|13106671|8082921
C|10068750|1302984|5074812
D|7925346|13106671|13929484
C|7606562|13106671|8082921
C|7606562|13106671|8082921
C|7606562|13106671|8082921
C|7606562|13106671|8082921
C|7606562|13106671|8082921
C|7606562|13106671|8082921
C|7606562|13106671|8082921
C|7606562|13106671|8082921
C|7606562|13106671|8082921
C|7606562|13106671|8082921
C|7606562|13106671|8082921
C|7606562|13106671|8082921
C|7606562|13106671|8082921
C|7606562|13106671|8082921
C|7606562|13106671|8082921
C|7606562|13106671|8082921
C|7606562|13106671|8082921
C|7606562|13106671|8082921
C|7606562|13106671|8082921
C|7606562|13106671|8082921
C|7606562|13106671|8082921
C|7606562|13106671|8082921
C|7606562|13106671|8082921
C|7606562|13106671|8082921
C|7606562|13106671|8082921
C|7606562|13106671|8082921
C|7606562|13106671|8082921
C|7606562|13106671|8082921
C|7606562|13106671|8082921
C|7606562|13106671|8082921
C|7606562|13106671|8082921
C|7606562|13106671|8082921
C|7606562|13106671|8082921
C|7606562|13106671|8082921
C|7606562|13106671|8082921
C|7606562|13106671|8082921
C|7606562|13106671|8082921
C|7606562|13106671|8082921
C|7606562|13106671|8082921
C|7606562|13106671|8082921
C|7606562|13106671|8082921
C|7606562|13106671|8082921
C|7606562|13106671|8082921
C|7606562|13106671|8082921
C|7606562|13106671|8082921
C|7606562|13106671|8082921
C|7606562|13106671|8082921
C|7606562|13106671|8082921
C|7606562|13106671|8082921
C|7606562|13106671|8082921
C|7606562|13106671|8082921
C|7606562|13106671|8082921
C|7606562|13106671|8082921
C|7606562|13106671|8082921
C|7606562|13106671|8082921
C|7606562|13106671|8082921
C|7606562|13106671|8082921
C|7606562|13106671|8082921
C|7606562|13106671|8082921
C|7606562|13106671|8082921
C|7606562|13106671|8082921
C|7606562|13106671|8082921
C|7325578|13106671|8082921
C|7306125|13106671|3840906
C|7111703|13599750|3840906
D|7005062|13106671|8082921
C|6725968|1302984|8082921
C|6725968|1302984|8082921
C|6725968|1302984|8082921
C|6725968|1302984|8082921
C|6725968|1302984|8082921
C|6725968|1302984|8082921
C|6725968|1302984|8082921
C|6725968|1302984|8082921
C|6725968|1302984|8082921
C|6363062|13106671|8082921
C|6208671|13106671|8082921
C|6124468|1302984|8082921
C|5787703|13106671|8082921
C|5615889|13385171|8082921
C|5592812|13106671|8082921
C|5592812|13106671|8082921
C|5592812|13106671|8082921
C|5592812|13106671|8082921
C|5487266|13106671|3239406
C|5095124|1302984|8082921
C|4808843|4154828|3840906
C|4690031|13106671|3539828
C|4622671|13106671|3840906
C|4517355|8384078|8384078
C|4506795|8684531|8684531
C|4500465|8984562|8984562
C|4369530|13106671|8082921
C|4236922|13106671|2938140
D|4216198|8384078|8384078
D|4206342|8684531|8684531
D|4200434|8984562|8984562
C|4149656|1536046|3539828
C|4110718|2938140|8082921
C|3810281|2938140|3840906
C|3796281|13106671|8082921
C|3796281|13106671|8082921
C|3796281|13106671|8082921
C|3796281|13106671|8082921
C|3796281|13106671|8082921
C|3796281|13106671|8082921
C|3796281|13106671|8082921
C|3796281|13106671|8082921
C|3194781|13106671|8082921
C|3169874|13106671|8082921
C|2907515|2938140|2938140
C|2894344|13106671|5074812
C|2615250|1302984|17913468
C|2314187|1302984|8082921
C|1806942|8384078|8384078
C|1802718|8684531|8684531
C|1800186|8984562|8984562
C|1782531|13106671|8082921
C|1782531|13106671|8082921
C|1505785|8384078|8384078
C|1502265|8684531|8684531
C|1500155|8984562|8984562
C|1203000|17612843|3840906
C|903471|8384078|8384078
C|901359|8684531|8684531
C|900093|8984562|8984562
C|880594|13106671|13929484
C|734204|3372687|4076250
C|696718|1302984|8082921
C|695704|13106671|13805812
C|602314|8384078|8384078
C|602314|8384078|8384078
C|602314|8384078|8384078
C|602314|8384078|8384078
C|602314|8384078|8384078
C|602314|8384078|8384078
D|602314|8384078|8384078
C|602314|8384078|8384078
C|602314|8384078|8384078
C|602314|8384078|8384078
C|602314|8384078|8384078
C|602314|8384078|8384078
C|601500|17612843|17913468
C|601500|17612843|17913468
C|600906|8684531|8684531
C|600906|8684531|8684531
D|600906|8684531|8684531
C|600906|8684531|8684531
C|600906|8684531|8684531
C|600906|8684531|8684531
C|600906|8684531|8684531
C|600906|8684531|8684531
C|600906|8684531|8684531
C|600906|8684531|8684531
C|600906|8684531|8684531
C|600906|8684531|8684531
C|600062|8984562|8984562
C|600062|8984562|8984562
C|600062|8984562|8984562
C|600062|8984562|8984562
C|600062|8984562|8984562
C|600062|8984562|8984562
C|600062|8984562|8984562
C|600062|8984562|8984562
C|600062|8984562|8984562
C|600062|8984562|8984562
D|600062|8984562|8984562
C|600062|8984562|8984562
C|464829|13198109|13631875
C|301157|8384078|8384078
C|301157|8384078|8384078
C|301157|8384078|8384078
C|301157|8384078|8384078
C|301157|8384078|8384078
C|301157|8384078|8384078
C|301157|8384078|8384078
C|301157|8384078|8384078
C|301157|8384078|8384078
C|301157|8384078|8384078
C|301157|8384078|8384078
C|301157|8384078|8384078
C|301157|8384078|8384078
C|301157|8384078|8384078
C|301157|8384078|8384078
C|301157|8384078|8384078
C|301157|8384078|8384078
C|301157|8384078|8384078
C|301157|8384078|8384078
C|301157|8384078|8384078
C|301157|8384078|8384078
C|301157|8384078|8384078
C|301157|8384078|8384078
C|301157|8384078|8384078
C|301157|8384078|8384078
C|301157|8384078|8384078
C|301157|8384078|8384078
C|301157|8384078|8384078
C|301157|8384078|8384078
C|301157|8384078|8384078
C|301157|8384078|8384078
C|301157|8384078|8384078
C|301157|8384078|8384078
C|301157|8384078|8384078
C|301157|8384078|8384078
C|301157|8384078|8384078
C|301157|8384078|8384078
C|301157|8384078|8384078
C|301157|8384078|8384078
C|301157|8384078|8384078
C|301157|8384078|8384078
C|301157|8384078|8384078
C|301157|8384078|8384078
C|301157|8384078|8384078
C|301157|8384078|8384078
C|301157|8384078|8384078
C|301157|8384078|8384078
C|301157|8384078|8384078
C|301157|8384078|8384078
C|301157|8384078|8384078
C|301157|8384078|8384078
C|301157|8384078|8384078
C|301157|8384078|8384078
C|301157|8384078|8384078
C|301157|8384078|8384078
C|301157|8384078|8384078
C|301157|8384078|8384078
C|301157|8384078|8384078
C|301157|8384078|8384078
C|301157|8384078|8384078
C|301157|8384078|8384078
C|301157|8384078|8384078
C|301157|8384078|8384078
C|301157|8384078|8384078
D|301157|8384078|8384078
C|301157|8384078|8384078
C|301157|8384078|8384078
C|301157|8384078|8384078
C|301157|8384078|8384078
C|301157|8384078|8384078
C|301157|8384078|8384078
C|301157|8384078|8384078
C|301157|8384078|8384078
C|301157|8384078|8384078
C|301157|8384078|8384078
C|301157|8384078|8384078
C|301157|8384078|8384078
C|301157|8384078|8384078
C|301157|8384078|8384078
C|301157|8384078|8384078
C|301157|8384078|8384078
C|301157|8384078|8384078
C|301157|8384078|8384078
C|301157|8384078|8384078
C|301157|8384078|8384078
C|301157|8384078|8384078
C|301157|8384078|8384078
C|301157|8384078|8384078
C|301157|8384078|8384078
C|301157|8384078|8384078
C|301157|8384078|8384078
C|301157|8384078|8384078
C|301157|8384078|8384078
C|301157|8384078|8384078
C|301157|8384078|8384078
C|301157|8384078|8384078
C|301157|8384078|8384078
C|301157|8384078|8384078
C|301157|8384078|8384078
C|301157|8384078|8384078
C|301157|8384078|8384078
C|301125|9285687|9285687
C|300453|8684531|8684531
C|300453|8684531|8684531
C|300453|8684531|8684531
C|300453|8684531|8684531
C|300453|8684531|8684531
C|300453|8684531|8684531
C|300453|8684531|8684531
C|300453|8684531|8684531
C|300453|8684531|8684531
C|300453|8684531|8684531
C|300453|8684531|8684531
C|300453|8684531|8684531
C|300453|8684531|8684531
C|300453|8684531|8684531
C|300453|8684531|8684531
C|300453|8684531|8684531
C|300453|8684531|8684531
C|300453|8684531|8684531
C|300453|8684531|8684531
C|300453|8684531|8684531
C|300453|8684531|8684531
C|300453|8684531|8684531
C|300453|8684531|8684531
C|300453|8684531|8684531
C|300453|8684531|8684531
C|300453|8684531|8684531
C|300453|8684531|8684531
C|300453|8684531|8684531
C|300453|8684531|8684531
C|300453|8684531|8684531
C|300453|8684531|8684531
C|300453|8684531|8684531
C|300453|8684531|8684531
C|300453|8684531|8684531
C|300453|8684531|8684531
C|300453|8684531|8684531
C|300453|8684531|8684531
C|300453|8684531|8684531
C|300453|8684531|8684531
C|300453|8684531|8684531
C|300453|8684531|8684531
C|300453|8684531|8684531
C|300453|8684531|8684531
C|300453|8684531|8684531
C|300453|8684531|8684531
C|300453|8684531|8684531
C|300453|8684531|8684531
C|300453|8684531|8684531
C|300453|8684531|8684531
C|300453|8684531|8684531
C|300453|8684531|8684531
C|300453|8684531|8684531
C|300453|8684531|8684531
C|300453|8684531|8684531
C|300453|8684531|8684531
C|300453|8684531|8684531
C|300453|8684531|8684531
C|300453|8684531|8684531
C|300453|8684531|8684531
C|300453|8684531|8684531
C|300453|8684531|8684531
C|300453|8684531|8684531
C|300453|8684531|8684531
C|300453|8684531|8684531
C|300453|8684531|8684531
C|300453|8684531|8684531
C|300453|8684531|8684531
C|300453|8684531|8684531
C|300453|8684531|8684531
C|300453|8684531|8684531
C|300453|8684531|8684531
C|300453|8684531|8684531
C|300453|8684531|8684531
C|300453|8684531|8684531
C|300453|8684531|8684531
C|300453|8684531|8684531
C|300453|8684531|8684531
C|300453|8684531|8684531
C|300453|8684531|8684531
C|300453|8684531|8684531
C|300453|8684531|8684531
C|300453|8684531|8684531
C|300453|8684531|8684531
C|300453|8684531|8684531
C|300453|8684531|8684531
C|300453|8684531|8684531
C|300453|8684531|8684531
C|300453|8684531|8684531
C|300453|8684531|8684531
C|300453|8684531|8684531
C|300453|8684531|8684531
D|300453|8684531|8684531
C|300453|8684531|8684531
C|300453|8684531|8684531
C|300453|8684531|8684531
C|300453|8684531|8684531
C|300453|8684531|8684531
C|300453|8684531|8684531
C|300453|8684531|8684531
C|300453|8684531|8684531
C|300453|8684531|8684531
C|300437|8082921|8082921
C|300437|8082921|8082921
C|300437|8082921|8082921
C|300422|9902343|9902343
C|300093|9601921|9601921
C|300031|8984562|8984562
C|300031|8984562|8984562
C|300031|8984562|8984562
C|300031|8984562|8984562
C|300031|8984562|8984562
D|300031|8984562|8984562
C|300031|8984562|8984562
C|300031|8984562|8984562
C|300031|8984562|8984562
C|300031|8984562|8984562
C|300031|8984562|8984562
C|300031|8984562|8984562
C|300031|8984562|8984562
C|300031|8984562|8984562
C|300031|8984562|8984562
C|300031|8984562|8984562
C|300031|8984562|8984562
C|300031|8984562|8984562
C|300031|8984562|8984562
C|300031|8984562|8984562
C|300031|8984562|8984562
C|300031|8984562|8984562
C|300031|8984562|8984562
C|300031|8984562|8984562
C|300031|8984562|8984562
C|300031|8984562|8984562
C|300031|8984562|8984562
C|300031|8984562|8984562
C|300031|8984562|8984562
C|300031|8984562|8984562
C|300031|8984562|8984562
C|300031|8984562|8984562
C|300031|8984562|8984562
C|300031|8984562|8984562
C|300031|8984562|8984562
C|300031|8984562|8984562
C|300031|8984562|8984562
C|300031|8984562|8984562
C|300031|8984562|8984562
C|300031|8984562|8984562
C|300031|8984562|8984562
C|300031|8984562|8984562
C|300031|8984562|8984562
C|300031|8984562|8984562
C|300031|8984562|8984562
C|300031|8984562|8984562
C|300031|8984562|8984562
C|300031|8984562|8984562
C|300031|8984562|8984562
C|300031|8984562|8984562
C|300031|8984562|8984562
C|300031|8984562|8984562
C|300031|8984562|8984562
C|300031|8984562|8984562
C|300031|8984562|8984562
C|300031|8984562|8984562
C|300031|8984562|8984562
C|300031|8984562|8984562
C|300031|8984562|8984562
C|300031|8984562|8984562
C|300031|8984562|8984562
C|300031|8984562|8984562
C|300031|8984562|8984562
C|300031|8984562|8984562
C|300031|8984562|8984562
C|300031|8984562|8984562
C|300031|8984562|8984562
C|300031|8984562|8984562
C|300031|8984562|8984562
C|300031|8984562|8984562
C|300031|8984562|8984562
C|300031|8984562|8984562
C|300031|8984562|8984562
C|300031|8984562|8984562
C|300031|8984562|8984562
C|300031|8984562|8984562
C|300031|8984562|8984562
C|300031|8984562|8984562
C|300031|8984562|8984562
C|300031|8984562|8984562
C|300031|8984562|8984562
C|300031|8984562|8984562
C|300031|8984562|8984562
C|300031|8984562|8984562
C|300031|8984562|8984562
C|300031|8984562|8984562
C|300031|8984562|8984562
C|300031|8984562|8984562
C|300031|8984562|8984562
C|300031|8984562|8984562
C|300031|8984562|8984562
C|300031|8984562|8984562
C|300031|8984562|8984562
C|300031|8984562|8984562
C|300031|8984562|8984562
C|300031|8984562|8984562
C|143016|13745765|13836109
C|61218|13662000|13693093
C|32500|13929484|13929484
